A = [4, 7, 2]
A(3)

B = [1:10]
B(5)
